$ANSIBLE_VAULT;1.1;AES256
31663064623563666266346333353066353032323465333366623235633735363638653138353561
6438336562613531633466646265363665353230356161650a386433636538316532663062343439
37363438323335663062316634376661633132336139363137366230353761306665646333616534
6437653064666338660a373532356463366333303462643334653233366439373561303034333631
66306261316238633532303033653562663534613235346434316161633032396634666432383039
31353263313135613861646362303636633235366265373461643336316562353962353266636563
65613135366662363231313763336132633539643932336231633363646263333435393431303535
64353639306633373639646261323465613964633964306364383162653433363034373164353966
62346435336435323534323264616263313862653433326264323162663633656632396439393263
35393838646366343765386235396630326338373430656565316234303266383833356234386363
63646633633433633032313631306631363930643331333962343962393862393366653836306330
66303830643062313636656637393436353465313938393330616639343739633966303336626364
64653533393034373065313866663932633462343530383735336536643436653636323632383432
63393036623739666431373963643935643730383362653135323264343839643237656231306566
30306163316139313734643964396533373930393764323161393764376661643434376533393932
39653537636439393332373030633264653135653966653735613535643638336162663538353563
31313634373965643134346430373264616336643839613434626565633261336337356161353836
39626630313466393466343963383930383133383264393437343934623038363562303963623631
64313334623039616231353836636236313662363863386631386438386235316539353966346164
37643135393864366432326138616637326436343433663139356162633166383131366630656132
63643139323431313836646132656137366333363039653465653263383264613564393062643562
35343563313832383133663734333034353439353265393730323561323865366530356536383739
64646132393633666666663634306230653932623835313639363363323233623037356131373964
36343862333361643635373262646332636161373362333135393236643064353766386164376266
32303035323339383236666533363434313865633431313137336231653334646338
